0 [2.26e+00, -1.01e+00, 8.41e-01, -2.36e+00]
500 [-4.41e-01, 1.48e-02, -2.35e-02, 1.20e-02]
1000 [-2.53e-01, 8.08e-03, -6.60e-05, 3.37e-05]
1500 [-3.49e-02, 1.27e-03, 2.06e-02, -1.06e-02]
2000 [9.12e-02, -3.64e-03, 3.31e-02, -1.74e-02]
2500 [2.02e-01, -8.54e-03, 3.98e-02, -2.13e-02]
3000 [2.88e-01, -1.20e-02, 3.49e-02, -1.90e-02]
3500 [1.80e-01, -8.37e-03, -1.49e-03, 8.18e-04]
4000 [-1.24e-01, 5.93e-03, -3.02e-02, 1.62e-02]
4500 [-2.58e-01, 1.20e-02, -1.18e-02, 6.36e-03]
5000 [-1.36e-01, 5.91e-03, 3.95e-03, -2.14e-03]
5500 [1.49e-01, -6.40e-03, 8.61e-03, -4.71e-03]
6000 [4.50e-01, -2.13e-02, 8.62e-03, -4.93e-03]
6500 [-6.39e-02, 1.64e-03, 1.36e-02, -7.98e-03]
7000 [-6.01e-02, 2.13e-03, -7.58e-03, 4.27e-03]
7500 [-3.82e-02, 1.52e-03, -4.41e-02, 2.45e-02]
8000 [3.67e-01, -9.12e-03, -5.66e-02, 3.10e-02]
8500 [3.36e+00, -5.61e-02, 2.65e-02, -1.50e-02]
9000 [1.48e+00, 7.15e-02, -5.34e-02, 2.77e-02]
9500 [4.60e-01, -4.60e-02, -8.21e-03, 4.14e-03]
10000 [-3.67e-01, 3.00e-02, -2.94e-02, 1.54e-02]
10500 [7.54e-01, -8.92e-02, 3.16e-02, -1.61e-02]
11000 [7.69e-01, -1.17e-01, 1.28e-01, -9.36e-02]
11500 [5.48e-01, -8.46e-02, 1.92e-01, -1.38e-01]
12000 [2.76e-01, -4.63e-02, 1.33e-01, -8.64e-02]
12500 [5.99e-01, -8.55e-02, 8.47e-02, -4.87e-02]
13000 [6.54e-01, -1.00e-01, 2.04e-01, -1.28e-01]
13500 [3.04e-01, -5.00e-02, 1.75e-02, -1.12e-02]
14000 [-7.68e-02, 1.28e-02, -1.24e-01, 7.72e-02]
14500 [-4.45e-01, 7.36e-02, -1.10e-01, 6.74e-02]
15000 [-5.63e-01, 9.47e-02, -5.34e-02, 3.30e-02]
15500 [-4.73e-01, 8.25e-02, -2.34e-03, 1.46e-03]
16000 [-3.16e-01, 5.54e-02, -7.57e-02, 4.62e-02]
16500 [-1.14e-01, 2.16e-02, -1.38e-01, 8.42e-02]
17000 [-8.97e-02, 1.74e-02, -1.82e-01, 1.10e-01]
17500 [-1.28e-01, 2.53e-02, -2.09e-01, 1.25e-01]
18000 [-1.65e-01, 3.24e-02, -2.19e-01, 1.31e-01]
18500 [-1.64e-01, 3.24e-02, -2.09e-01, 1.25e-01]
19000 [-2.06e-01, 3.95e-02, -1.97e-01, 1.17e-01]
19500 [-1.95e-01, 3.75e-02, -1.88e-01, 1.11e-01]
20000 [-2.20e-01, 4.15e-02, -1.82e-01, 1.07e-01]
20500 [-2.33e-01, 4.30e-02, -1.74e-01, 1.02e-01]
21000 [-2.12e-01, 3.91e-02, -1.57e-01, 9.30e-02]
21500 [-2.36e-01, 4.30e-02, -1.48e-01, 8.75e-02]
22000 [-2.36e-01, 4.30e-02, -1.42e-01, 8.40e-02]
22500 [-2.88e-01, 5.10e-02, -1.45e-01, 8.55e-02]
23000 [-2.55e-01, 4.59e-02, -1.48e-01, 8.72e-02]
23500 [-1.93e-01, 3.55e-02, -1.53e-01, 9.08e-02]
24000 [-1.97e-01, 3.54e-02, -1.62e-01, 9.55e-02]
24500 [-9.50e-02, 1.76e-02, -1.57e-01, 9.25e-02]
25000 [-1.37e-01, 2.45e-02, -1.60e-01, 9.43e-02]
25500 [-5.56e-02, 1.03e-02, -1.49e-01, 8.91e-02]
26000 [-7.12e-02, 1.27e-02, -1.58e-01, 9.41e-02]
26500 [-1.10e-01, 1.91e-02, -1.71e-01, 1.01e-01]
27000 [-9.82e-02, 1.71e-02, -1.78e-01, 1.06e-01]
27500 [-9.06e-02, 1.58e-02, -1.81e-01, 1.07e-01]
28000 [-1.54e-01, 2.61e-02, -1.84e-01, 1.08e-01]
28500 [-1.37e-01, 2.36e-02, -1.71e-01, 1.01e-01]
29000 [-1.12e-01, 1.97e-02, -1.53e-01, 9.15e-02]
29500 [-1.56e-01, 2.71e-02, -1.42e-01, 8.48e-02]
30000 [-1.15e-01, 2.05e-02, -1.23e-01, 7.43e-02]
30500 [-1.56e-01, 2.73e-02, -1.16e-01, 7.00e-02]
31000 [-1.74e-01, 3.02e-02, -1.11e-01, 6.73e-02]
31500 [-1.37e-01, 2.45e-02, -9.44e-02, 5.80e-02]
32000 [-1.64e-01, 2.86e-02, -9.91e-02, 6.06e-02]
32500 [-1.71e-01, 2.96e-02, -9.60e-02, 5.88e-02]
33000 [-1.38e-01, 2.42e-02, -9.00e-02, 5.54e-02]
33500 [-2.65e-01, 4.33e-02, -9.65e-02, 5.91e-02]
34000 [-4.75e-02, 8.54e-03, -8.27e-02, 5.13e-02]
34500 [-1.29e-01, 2.19e-02, -9.12e-02, 5.61e-02]
35000 [-1.42e-03, 2.58e-04, -7.13e-02, 4.46e-02]
35500 [1.60e-02, -2.90e-03, -6.83e-02, 4.28e-02]
36000 [1.66e-02, -2.96e-03, -6.80e-02, 4.25e-02]
36500 [2.48e-02, -4.40e-03, -6.47e-02, 4.04e-02]
37000 [6.78e-03, -1.17e-03, -6.63e-02, 4.13e-02]
37500 [4.80e-02, -8.43e-03, -5.81e-02, 3.64e-02]
38000 [1.13e-01, -2.07e-02, -4.40e-02, 2.78e-02]
38500 [1.37e-01, -2.49e-02, -4.45e-02, 2.81e-02]
39000 [1.15e-01, -2.08e-02, -3.85e-02, 2.44e-02]
39500 [1.29e-01, -2.32e-02, -3.53e-02, 2.23e-02]
40000 [1.07e-01, -1.90e-02, -3.46e-02, 2.19e-02]
40500 [1.15e-01, -2.03e-02, -3.11e-02, 1.97e-02]
41000 [1.22e-01, -2.17e-02, -3.03e-02, 1.91e-02]
41500 [1.48e-01, -2.66e-02, -2.48e-02, 1.57e-02]
42000 [1.71e-01, -3.09e-02, -1.94e-02, 1.23e-02]
42500 [1.63e-01, -2.91e-02, -1.68e-02, 1.07e-02]
43000 [1.04e-01, -1.81e-02, -1.65e-02, 1.04e-02]
43500 [2.53e-01, -4.76e-02, -7.12e-04, 4.56e-04]
44000 [2.37e-01, -4.36e-02, 1.51e-03, -9.64e-04]
44500 [1.43e-01, -2.46e-02, -7.94e-03, 5.01e-03]
45000 [2.04e-01, -3.64e-02, 6.12e-03, -3.90e-03]
45500 [2.20e-01, -3.96e-02, 1.37e-02, -8.73e-03]
46000 [2.59e-01, -4.77e-02, 2.72e-02, -1.75e-02]
46500 [1.47e-01, -2.53e-02, 2.62e-02, -1.67e-02]
47000 [2.57e-01, -4.63e-02, 3.61e-02, -2.31e-02]
47500 [2.69e-01, -4.90e-02, 4.94e-02, -3.18e-02]
48000 [2.48e-01, -4.42e-02, 5.37e-02, -3.44e-02]
48500 [2.48e-01, -4.40e-02, 6.18e-02, -3.96e-02]
49000 [1.78e-01, -3.01e-02, 5.82e-02, -3.69e-02]
49500 [2.63e-01, -4.70e-02, 8.43e-02, -5.43e-02]
50000 [2.03e-01, -3.50e-02, 9.01e-02, -5.78e-02]
50500 [2.99e-01, -5.44e-02, 1.12e-01, -7.27e-02]
51000 [2.81e-01, -5.03e-02, 1.19e-01, -7.73e-02]
51500 [2.79e-01, -4.97e-02, 1.28e-01, -8.34e-02]
52000 [2.78e-01, -4.95e-02, 1.39e-01, -9.04e-02]
52500 [2.91e-01, -5.20e-02, 1.49e-01, -9.72e-02]
53000 [2.76e-01, -4.89e-02, 1.59e-01, -1.04e-01]
53500 [3.10e-01, -5.56e-02, 1.71e-01, -1.12e-01]
54000 [2.96e-01, -5.28e-02, 1.81e-01, -1.19e-01]
54500 [2.89e-01, -5.11e-02, 1.89e-01, -1.24e-01]
55000 [3.14e-01, -5.65e-02, 2.00e-01, -1.32e-01]
55500 [3.15e-01, -5.69e-02, 2.12e-01, -1.41e-01]
56000 [2.82e-01, -4.97e-02, 2.14e-01, -1.41e-01]
56500 [2.99e-01, -5.30e-02, 2.24e-01, -1.49e-01]
57000 [3.22e-01, -5.80e-02, 2.35e-01, -1.57e-01]
57500 [2.90e-01, -5.13e-02, 2.39e-01, -1.59e-01]
58000 [2.67e-01, -4.64e-02, 2.39e-01, -1.59e-01]
58500 [3.07e-01, -5.48e-02, 2.54e-01, -1.70e-01]
59000 [2.50e-01, -4.31e-02, 2.52e-01, -1.69e-01]
59500 [3.17e-01, -5.70e-02, 2.67e-01, -1.80e-01]
60000 [3.18e-01, -5.72e-02, 2.71e-01, -1.83e-01]
60500 [3.11e-01, -5.57e-02, 2.74e-01, -1.86e-01]
61000 [3.04e-01, -5.43e-02, 2.78e-01, -1.88e-01]
61500 [4.03e-01, -7.66e-02, 2.95e-01, -2.03e-01]
62000 [3.00e-01, -5.35e-02, 2.85e-01, -1.94e-01]
62500 [3.05e-01, -5.47e-02, 2.89e-01, -1.97e-01]
63000 [2.80e-01, -4.94e-02, 2.87e-01, -1.95e-01]
63500 [2.93e-01, -5.22e-02, 2.92e-01, -2.00e-01]
64000 [3.00e-01, -5.40e-02, 2.98e-01, -2.05e-01]
64500 [2.80e-01, -4.97e-02, 2.95e-01, -2.02e-01]
65000 [2.70e-01, -4.73e-02, 2.92e-01, -2.00e-01]
65500 [2.84e-01, -5.08e-02, 2.99e-01, -2.06e-01]
66000 [2.79e-01, -4.99e-02, 2.99e-01, -2.07e-01]
66500 [2.68e-01, -4.75e-02, 2.98e-01, -2.06e-01]
67000 [2.65e-01, -4.73e-02, 3.00e-01, -2.08e-01]
67500 [2.75e-01, -4.97e-02, 3.03e-01, -2.11e-01]
68000 [2.63e-01, -4.72e-02, 3.00e-01, -2.09e-01]
68500 [2.50e-01, -4.46e-02, 2.98e-01, -2.08e-01]
69000 [2.10e-01, -3.65e-02, 2.91e-01, -2.02e-01]
69500 [2.79e-01, -5.06e-02, 2.99e-01, -2.09e-01]
70000 [2.33e-01, -4.15e-02, 2.96e-01, -2.07e-01]
70500 [2.45e-01, -4.40e-02, 2.96e-01, -2.07e-01]
71000 [2.34e-01, -4.17e-02, 2.93e-01, -2.05e-01]
71500 [2.31e-01, -4.13e-02, 2.91e-01, -2.05e-01]
72000 [2.25e-01, -4.02e-02, 2.89e-01, -2.03e-01]
72500 [2.27e-01, -4.06e-02, 2.87e-01, -2.02e-01]
73000 [2.19e-01, -3.91e-02, 2.86e-01, -2.01e-01]
73500 [2.14e-01, -3.82e-02, 2.83e-01, -1.99e-01]
74000 [2.21e-01, -3.96e-02, 2.81e-01, -1.98e-01]
74500 [2.05e-01, -3.68e-02, 2.79e-01, -1.97e-01]
75000 [2.17e-01, -3.90e-02, 2.75e-01, -1.94e-01]
75500 [1.77e-01, -3.13e-02, 2.72e-01, -1.92e-01]
76000 [1.97e-01, -3.54e-02, 2.72e-01, -1.93e-01]
76500 [1.69e-01, -2.97e-02, 2.65e-01, -1.87e-01]
77000 [1.94e-01, -3.47e-02, 2.67e-01, -1.89e-01]
77500 [1.84e-01, -3.30e-02, 2.64e-01, -1.87e-01]
78000 [1.80e-01, -3.22e-02, 2.61e-01, -1.85e-01]
78500 [1.77e-01, -3.16e-02, 2.58e-01, -1.83e-01]
79000 [2.17e-01, -3.96e-02, 2.58e-01, -1.83e-01]
79500 [2.02e-01, -3.70e-02, 2.59e-01, -1.85e-01]
80000 [1.70e-01, -3.04e-02, 2.50e-01, -1.78e-01]
80500 [1.90e-01, -3.45e-02, 2.49e-01, -1.77e-01]
81000 [1.72e-01, -3.08e-02, 2.44e-01, -1.74e-01]
81500 [1.50e-01, -2.66e-02, 2.42e-01, -1.72e-01]
82000 [1.55e-01, -2.76e-02, 2.36e-01, -1.68e-01]
82500 [1.82e-01, -3.29e-02, 2.40e-01, -1.72e-01]
83000 [1.86e-01, -3.37e-02, 2.37e-01, -1.69e-01]
83500 [1.71e-01, -3.06e-02, 2.30e-01, -1.64e-01]
84000 [1.82e-01, -3.29e-02, 2.31e-01, -1.65e-01]
84500 [1.69e-01, -3.03e-02, 2.25e-01, -1.60e-01]
85000 [1.66e-01, -2.97e-02, 2.22e-01, -1.58e-01]
85500 [1.66e-01, -2.95e-02, 2.18e-01, -1.55e-01]
86000 [1.35e-01, -2.36e-02, 2.14e-01, -1.52e-01]
86500 [2.35e-01, -4.37e-02, 2.26e-01, -1.63e-01]
87000 [1.91e-01, -3.43e-02, 2.11e-01, -1.50e-01]
87500 [1.56e-01, -2.74e-02, 2.04e-01, -1.44e-01]
88000 [1.94e-01, -3.48e-02, 2.01e-01, -1.43e-01]
88500 [1.95e-01, -3.50e-02, 1.97e-01, -1.40e-01]
89000 [2.22e-01, -4.02e-02, 1.94e-01, -1.38e-01]
89500 [2.37e-01, -4.37e-02, 1.99e-01, -1.42e-01]
90000 [1.84e-01, -3.26e-02, 1.85e-01, -1.30e-01]
90500 [2.26e-01, -4.11e-02, 1.90e-01, -1.35e-01]
91000 [2.08e-01, -3.73e-02, 1.82e-01, -1.28e-01]
91500 [2.14e-01, -3.85e-02, 1.81e-01, -1.28e-01]
92000 [2.19e-01, -3.95e-02, 1.79e-01, -1.26e-01]
92500 [1.20e-01, -2.03e-02, 1.64e-01, -1.14e-01]
93000 [2.19e-01, -3.96e-02, 1.77e-01, -1.25e-01]
93500 [2.43e-01, -4.42e-02, 1.76e-01, -1.24e-01]
94000 [2.03e-01, -3.61e-02, 1.70e-01, -1.19e-01]
94500 [2.23e-01, -4.00e-02, 1.67e-01, -1.17e-01]
95000 [2.36e-01, -4.28e-02, 1.66e-01, -1.17e-01]
95500 [2.33e-01, -4.24e-02, 1.69e-01, -1.19e-01]
96000 [2.04e-01, -3.62e-02, 1.55e-01, -1.08e-01]
96500 [2.13e-01, -3.80e-02, 1.57e-01, -1.09e-01]
97000 [2.19e-01, -3.91e-02, 1.52e-01, -1.06e-01]
97500 [2.19e-01, -3.90e-02, 1.49e-01, -1.03e-01]
98000 [1.56e-01, -2.70e-02, 1.42e-01, -9.83e-02]
98500 [2.57e-01, -4.66e-02, 1.45e-01, -1.01e-01]
99000 [2.44e-01, -4.41e-02, 1.42e-01, -9.86e-02]
99500 [2.29e-01, -4.10e-02, 1.37e-01, -9.52e-02]
100000 [2.42e-01, -4.38e-02, 1.37e-01, -9.51e-02]
100500 [2.95e-01, -5.52e-02, 1.40e-01, -9.82e-02]
101000 [2.43e-01, -4.37e-02, 1.26e-01, -8.74e-02]
101500 [2.36e-01, -4.24e-02, 1.21e-01, -8.38e-02]
102000 [2.47e-01, -4.45e-02, 1.18e-01, -8.16e-02]
102500 [2.42e-01, -4.33e-02, 1.14e-01, -7.85e-02]
103000 [2.46e-01, -4.40e-02, 1.11e-01, -7.63e-02]
103500 [2.61e-01, -4.69e-02, 1.08e-01, -7.40e-02]
104000 [3.38e-01, -6.40e-02, 1.17e-01, -8.17e-02]
104500 [2.58e-01, -4.66e-02, 1.04e-01, -7.13e-02]
105000 [2.54e-01, -4.53e-02, 9.78e-02, -6.70e-02]
105500 [1.76e-01, -3.01e-02, 8.82e-02, -5.99e-02]
106000 [2.27e-01, -3.99e-02, 8.97e-02, -6.12e-02]
106500 [2.59e-01, -4.62e-02, 8.89e-02, -6.08e-02]
107000 [2.51e-01, -4.45e-02, 8.44e-02, -5.76e-02]
107500 [2.61e-01, -4.65e-02, 8.28e-02, -5.66e-02]
108000 [2.68e-01, -4.77e-02, 7.98e-02, -5.45e-02]
108500 [2.00e-01, -3.46e-02, 7.41e-02, -5.05e-02]
109000 [2.68e-01, -4.76e-02, 7.03e-02, -4.79e-02]
109500 [2.45e-01, -4.30e-02, 6.58e-02, -4.48e-02]
110000 [2.34e-01, -4.08e-02, 6.12e-02, -4.16e-02]
110500 [2.55e-01, -4.49e-02, 5.54e-02, -3.77e-02]
111000 [2.59e-01, -4.56e-02, 5.19e-02, -3.53e-02]
111500 [2.58e-01, -4.54e-02, 4.69e-02, -3.19e-02]
112000 [2.65e-01, -4.67e-02, 4.09e-02, -2.78e-02]
112500 [2.52e-01, -4.39e-02, 3.33e-02, -2.26e-02]
113000 [2.23e-01, -3.85e-02, 2.60e-02, -1.76e-02]
113500 [2.67e-01, -4.69e-02, 2.31e-02, -1.57e-02]
114000 [2.82e-01, -5.02e-02, 2.35e-02, -1.60e-02]
114500 [1.53e-01, -2.53e-02, 4.56e-03, -3.08e-03]
115000 [2.79e-01, -4.89e-02, 7.03e-03, -4.78e-03]
115500 [3.40e-01, -6.09e-02, 3.96e-03, -2.69e-03]
116000 [2.40e-01, -4.11e-02, -5.66e-03, 3.84e-03]
116500 [2.94e-01, -5.15e-02, -6.67e-03, 4.54e-03]
117000 [3.00e-01, -5.25e-02, -1.03e-02, 7.01e-03]
117500 [3.04e-01, -5.33e-02, -1.36e-02, 9.27e-03]
118000 [3.10e-01, -5.43e-02, -1.63e-02, 1.11e-02]
118500 [3.12e-01, -5.45e-02, -1.91e-02, 1.30e-02]
119000 [3.20e-01, -5.60e-02, -2.06e-02, 1.40e-02]
119500 [3.17e-01, -5.54e-02, -2.24e-02, 1.53e-02]
120000 [3.11e-01, -5.42e-02, -2.17e-02, 1.48e-02]
120500 [2.65e-01, -4.50e-02, -2.74e-02, 1.86e-02]
121000 [2.82e-01, -4.76e-02, -2.89e-02, 1.95e-02]
121500 [3.30e-01, -5.74e-02, -2.59e-02, 1.76e-02]
122000 [4.05e-01, -7.38e-02, -1.43e-02, 9.85e-03]
122500 [3.39e-01, -5.93e-02, -2.49e-02, 1.70e-02]
123000 [3.25e-01, -5.64e-02, -2.80e-02, 1.90e-02]
123500 [3.32e-01, -5.78e-02, -2.67e-02, 1.81e-02]
124000 [3.14e-01, -5.40e-02, -2.92e-02, 1.98e-02]
124500 [3.15e-01, -5.44e-02, -2.85e-02, 1.93e-02]
125000 [3.23e-01, -5.59e-02, -2.80e-02, 1.90e-02]
125500 [3.14e-01, -5.41e-02, -2.91e-02, 1.97e-02]
126000 [3.17e-01, -5.48e-02, -2.81e-02, 1.90e-02]
126500 [3.13e-01, -5.40e-02, -2.80e-02, 1.89e-02]
127000 [3.05e-01, -5.25e-02, -2.82e-02, 1.90e-02]
127500 [3.08e-01, -5.30e-02, -2.79e-02, 1.88e-02]
128000 [3.05e-01, -5.26e-02, -2.78e-02, 1.88e-02]
128500 [2.96e-01, -5.09e-02, -2.76e-02, 1.86e-02]
129000 [2.97e-01, -5.10e-02, -2.77e-02, 1.86e-02]
129500 [2.91e-01, -5.00e-02, -2.80e-02, 1.88e-02]
130000 [2.81e-01, -4.81e-02, -2.55e-02, 1.72e-02]
130500 [2.82e-01, -4.83e-02, -2.76e-02, 1.86e-02]
131000 [3.58e-01, -6.38e-02, -2.23e-02, 1.51e-02]
131500 [2.86e-01, -4.92e-02, -2.64e-02, 1.78e-02]
132000 [2.68e-01, -4.57e-02, -2.83e-02, 1.90e-02]
132500 [2.80e-01, -4.82e-02, -2.61e-02, 1.75e-02]
133000 [3.18e-01, -5.59e-02, -2.15e-02, 1.45e-02]
133500 [2.89e-01, -5.02e-02, -2.42e-02, 1.63e-02]
134000 [2.72e-01, -4.67e-02, -2.58e-02, 1.73e-02]
134500 [2.72e-01, -4.67e-02, -2.55e-02, 1.72e-02]
135000 [2.70e-01, -4.65e-02, -2.56e-02, 1.72e-02]
135500 [2.71e-01, -4.68e-02, -2.50e-02, 1.68e-02]
136000 [2.66e-01, -4.58e-02, -2.53e-02, 1.70e-02]
136500 [2.63e-01, -4.51e-02, -2.55e-02, 1.71e-02]
137000 [2.94e-01, -5.14e-02, -2.24e-02, 1.51e-02]
137500 [2.60e-01, -4.48e-02, -2.55e-02, 1.71e-02]
138000 [3.86e-01, -7.12e-02, -1.43e-02, 9.73e-03]
138500 [3.34e-01, -5.95e-02, -2.24e-02, 1.51e-02]
139000 [2.72e-01, -4.71e-02, -2.41e-02, 1.62e-02]
139500 [2.81e-01, -4.88e-02, -2.49e-02, 1.67e-02]
140000 [2.49e-01, -4.27e-02, -2.70e-02, 1.81e-02]
140500 [2.85e-01, -4.98e-02, -2.52e-02, 1.69e-02]
141000 [3.21e-01, -5.71e-02, -2.11e-02, 1.42e-02]
141500 [2.38e-01, -4.06e-02, -2.88e-02, 1.93e-02]
142000 [2.38e-01, -4.06e-02, -2.93e-02, 1.96e-02]
142500 [2.52e-01, -4.33e-02, -2.76e-02, 1.84e-02]
143000 [2.46e-01, -4.23e-02, -2.82e-02, 1.89e-02]
143500 [2.54e-01, -4.38e-02, -2.80e-02, 1.87e-02]
144000 [2.51e-01, -4.32e-02, -2.87e-02, 1.92e-02]
144500 [2.53e-01, -4.36e-02, -2.88e-02, 1.93e-02]
145000 [2.24e-01, -3.82e-02, -3.00e-02, 2.01e-02]
145500 [2.58e-01, -4.46e-02, -2.90e-02, 1.94e-02]
146000 [2.21e-01, -3.75e-02, -3.35e-02, 2.23e-02]
146500 [3.14e-01, -5.59e-02, -2.86e-02, 1.92e-02]
147000 [2.53e-01, -4.36e-02, -3.10e-02, 2.07e-02]
147500 [2.59e-01, -4.48e-02, -3.06e-02, 2.05e-02]
148000 [2.66e-01, -4.60e-02, -3.09e-02, 2.06e-02]
148500 [2.85e-01, -4.98e-02, -2.90e-02, 1.94e-02]
149000 [2.36e-01, -4.02e-02, -3.61e-02, 2.40e-02]
149500 [3.17e-01, -5.65e-02, -2.83e-02, 1.90e-02]
150000 [2.59e-01, -4.46e-02, -3.40e-02, 2.27e-02]
